75 1000 4194304 500 5
75 1000 4194304 500 2
75 1000 4194304 2 5
75 1000 4194304 2 2
75 1000 8388608 500 5
75 1000 8388608 500 2
75 1000 8388608 2 5
75 1000 8388608 2 2
75 4096 4194304 500 5
75 4096 4194304 500 2
75 4096 4194304 2 5
75 4096 4194304 2 2
75 4096 8388608 500 5
75 4096 8388608 500 2
75 4096 8388608 2 5
75 4096 8388608 2 2
150 1000 4194304 500 5
150 1000 4194304 500 2
150 1000 4194304 2 5
150 1000 4194304 2 2
150 1000 8388608 500 5
150 1000 8388608 500 2
150 1000 8388608 2 5
150 1000 8388608 2 2
150 4096 4194304 500 5
150 4096 4194304 500 2
150 4096 4194304 2 5
150 4096 4194304 2 2
150 4096 8388608 500 5
150 4096 8388608 500 2
150 4096 8388608 2 5
150 4096 8388608 2 2
